Mean Acurracy : 0.8059 
Confusion Matrix :

confusionMatrix =

    69     0     9     2     0    14     3     0    24     0     5     0     0     0     0
     0    98     0     0     0     0     0     1     0    24     0     0     3     0     0
     8     0    83     2     0     4     0     0    29     0     0     0     0     0     0
     1     0     0    99     5    10     0     0     1     0     0     0     0    10     0
     1     0     0     2   110     8     0     2     0     0     1     1     0     0     1
     5     0     0     1     3    76     1     2     1     0     5    14     1    16     1
     0     0     0     0     7     0   107     0     0     2     0     0     1     0     9
     0     9     0     0     0     2     0    74     0     0     0    38     3     0     0
    26     0    29     0     0     5     1     0    64     0     1     0     0     0     0
     0     0     0     1     0     0     0     2     0   114     0     0     8     1     0
     4     0     4     0     0     1     0     0    12     0    93     0     1     0    11
     0     2     0     0     2     4     0     1     0     0     0   117     0     0     0
     0    13     0     0     1     3     0     3     0     2     0     2    99     0     3
     2     0     0    20     1    10     0     0     2     0     0     0     0    90     1
     2     0     0     0     1     0     0     0     2     0    22     0     0     0    99